8, 8.6667, 8.6667, 8, -8.6667, -8.6667, -8, -8, 1.35615, -0.0440915, 65.1545, 313149
8.6667, 9.3333, 9.3333, 8.6667, -8.6667, -8.6667, -8, -8, 1.47857, -32.1038, 106.449, 365506
9.3333, 10, 10, 9.3333, -8.6667, -8.6667, -8, -8, 1.26494, -27.5691, 123.947, 306582
10, 10.6667, 10.6667, 10, -8.6667, -8.6667, -8, -8, 1.51213, -42.8563, 130.3, 395717
10.6667, 11.3333, 11.3333, 10.6667, -8.6667, -8.6667, -8, -8, 1.27223, -30.4042, 136.109, 318842
11.3333, 12, 12, 11.3333, -8.6667, -8.6667, -8, -8, 1.56818, -43.5431, 139.885, 421647
12, 12.6667, 12.6667, 12, -8.6667, -8.6667, -8, -8, 1.31178, -28.7478, 141.563, 334107
12.6667, 13.3333, 13.3333, 12.6667, -8.6667, -8.6667, -8, -8, 1.65159, -39.904, 138.587, 448975
13.3333, 14, 14, 13.3333, -8.6667, -8.6667, -8, -8, 1.37623, -24.7569, 136.06, 349150
14, 14.6667, 14.6667, 14, -8.6667, -8.6667, -8, -8, 1.76565, -32.4294, 112.813, 472054
14.6667, 15.3333, 15.3333, 14.6667, -8.6667, -8.6667, -8, -8, 1.49848, -31.1435, 96.8725, 367891
15.3333, 16, 16, 15.3333, -8.6667, -8.6667, -8, -8, 1.74058, -40.9463, 6.30574, 441256
7.3333, 8, 8, 7.3333, -8, -8, -7.3333, -7.3333, 1.35615, 0.0440915, 65.1545, 313149
8, 8.6667, 8.6667, 8, -8, -8, -7.3333, -7.3333, 1.35615, -0.0440915, 65.1545, 313149
8.6667, 9.3333, 9.3333, 8.6667, -8, -8, -7.3333, -7.3333, 1.47857, -32.1038, 106.449, 365506
9.3333, 10, 10, 9.3333, -8, -8, -7.3333, -7.3333, 1.26494, -27.5691, 123.947, 306582
10, 10.6667, 10.6667, 10, -8, -8, -7.3333, -7.3333, 1.51213, -42.8563, 130.3, 395717
10.6667, 11.3333, 11.3333, 10.6667, -8, -8, -7.3333, -7.3333, 1.27223, -30.4042, 136.109, 318842
11.3333, 12, 12, 11.3333, -8, -8, -7.3333, -7.3333, 1.56818, -43.5431, 139.885, 421647
12, 12.6667, 12.6667, 12, -8, -8, -7.3333, -7.3333, 1.31178, -28.7478, 141.563, 334107
12.6667, 13.3333, 13.3333, 12.6667, -8, -8, -7.3333, -7.3333, 1.65159, -39.904, 138.587, 448975
13.3333, 14, 14, 13.3333, -8, -8, -7.3333, -7.3333, 1.37623, -24.7569, 136.06, 349150
14, 14.6667, 14.6667, 14, -8, -8, -7.3333, -7.3333, 1.76565, -32.4294, 112.813, 472054
14.6667, 15.3333, 15.3333, 14.6667, -8, -8, -7.3333, -7.3333, 1.49848, -31.1435, 96.8725, 367891
15.3333, 16, 16, 15.3333, -8, -8, -7.3333, -7.3333, 1.74058, -40.9463, 6.30574, 441256
16, 16.6667, 16.6667, 16, -8, -8, -7.3333, -7.3333, 1.74058, -40.9463, 6.30574, 441256
7.3333, 8, 8, 7.3333, -7.3333, -7.3333, -6.6667, -6.6667, 1.46496, 14.245, 59.5326, 347434
8, 8.6667, 8.6667, 8, -7.3333, -7.3333, -6.6667, -6.6667, 1.46496, -14.245, 59.5326, 347434
8.6667, 9.3333, 9.3333, 8.6667, -7.3333, -7.3333, -6.6667, -6.6667, 1.18857, -2.5681, 73.0516, 261514
9.3333, 10, 10, 9.3333, -7.3333, -7.3333, -6.6667, -6.6667, 1.69321, -36.1217, 111.788, 425215
10, 10.6667, 10.6667, 10, -7.3333, -7.3333, -6.6667, -6.6667, 1.13326, -14.4339, 71.5859, 255220
10.6667, 11.3333, 11.3333, 10.6667, -7.3333, -7.3333, -6.6667, -6.6667, 1.77473, -42.4472, 122.262, 460650
11.3333, 12, 12, 11.3333, -7.3333, -7.3333, -6.6667, -6.6667, 1.15184, -16.6132, 71.4274, 264145
12, 12.6667, 12.6667, 12, -7.3333, -7.3333, -6.6667, -6.6667, 1.8768, -49.6692, 123.657, 494098
12.6667, 13.3333, 13.3333, 12.6667, -7.3333, -7.3333, -6.6667, -6.6667, 1.20292, -19.5911, 67.3831, 276446
13.3333, 14, 14, 13.3333, -7.3333, -7.3333, -6.6667, -6.6667, 2.01179, -62.1334, 106.561, 529028
14, 14.6667, 14.6667, 14, -7.3333, -7.3333, -6.6667, -6.6667, 1.29572, -33.5978, 55.5575, 296357
14.6667, 15.3333, 15.3333, 14.6667, -7.3333, -7.3333, -6.6667, -6.6667, 2.0317, -87.418, 48.2365, 537972
15.3333, 16, 16, 15.3333, -7.3333, -7.3333, -6.6667, -6.6667, 1.4997, -119.978, 0.620469, 373546
16, 16.6667, 16.6667, 16, -7.3333, -7.3333, -6.6667, -6.6667, 1.4997, -119.978, 0.620469, 373546
7.3333, 8, 8, 7.3333, -6.6667, -6.6667, -6, -6, 1.22179, -26.1184, 44.3218, 270643
8, 8.6667, 8.6667, 8, -6.6667, -6.6667, -6, -6, 1.22179, 26.1184, 44.3218, 270643
8.6667, 9.3333, 9.3333, 8.6667, -6.6667, -6.6667, -6, -6, 1.66527, -18.6285, 85.2412, 394574
9.3333, 10, 10, 9.3333, -6.6667, -6.6667, -6, -6, 1.08342, -4.5777, 41.0573, 224315
10, 10.6667, 10.6667, 10, -6.6667, -6.6667, -6, -6, 1.79948, -30.0689, 98.1161, 435043
10.6667, 11.3333, 11.3333, 10.6667, -6.6667, -6.6667, -6, -6, 1.07728, -10.1453, 37.5127, 226374
11.3333, 12, 12, 11.3333, -6.6667, -6.6667, -6, -6, 1.89378, -41.8194, 102.499, 465018
12, 12.6667, 12.6667, 12, -6.6667, -6.6667, -6, -6, 1.1155, -13.9933, 34.6683, 236546
12.6667, 13.3333, 13.3333, 12.6667, -6.6667, -6.6667, -6, -6, 2.0267, -61.5689, 94.1337, 501855
13.3333, 14, 14, 13.3333, -6.6667, -6.6667, -6, -6, 1.18057, -22.0861, 28.3143, 252778
14, 14.6667, 14.6667, 14, -6.6667, -6.6667, -6, -6, 2.14355, -97.2393, 61.8765, 547578
14.6667, 15.3333, 15.3333, 14.6667, -6.6667, -6.6667, -6, -6, 1.2978, -70.1932, 17.4472, 301874
15.3333, 16, 16, 15.3333, -6.6667, -6.6667, -6, -6, 1.76929, -139.749, -12.2439, 484365
16, 16.6667, 16.6667, 16, -6.6667, -6.6667, -6, -6, 1.76929, -139.749, -12.2439, 484365
7.3333, 8, 8, 7.3333, -6, -6, -5.3333, -5.3333, 1.42014, 6.24051, 40.5027, 331129
8, 8.6667, 8.6667, 8, -6, -6, -5.3333, -5.3333, 1.42014, -6.24051, 40.5027, 331129
8.6667, 9.3333, 9.3333, 8.6667, -6, -6, -5.3333, -5.3333, 1.08571, 8.9796, 30.8156, 220241
9.3333, 10, 10, 9.3333, -6, -6, -5.3333, -5.3333, 1.72757, -17.3354, 71.8543, 399341
10, 10.6667, 10.6667, 10, -6, -6, -5.3333, -5.3333, 1.04111, -6.32957, 24.6516, 208650
10.6667, 11.3333, 11.3333, 10.6667, -6, -6, -5.3333, -5.3333, 1.81451, -31.8561, 77.2226, 424010
11.3333, 12, 12, 11.3333, -6, -6, -5.3333, -5.3333, 1.06626, -11.5272, 22.8985, 215925
12, 12.6667, 12.6667, 12, -6, -6, -5.3333, -5.3333, 1.92907, -53.0341, 75.166, 455999
12.6667, 13.3333, 13.3333, 12.6667, -6, -6, -5.3333, -5.3333, 1.11843, -17.9886, 19.0118, 229460
13.3333, 14, 14, 13.3333, -6, -6, -5.3333, -5.3333, 2.07833, -89.835, 58.7472, 504941
14, 14.6667, 14.6667, 14, -6, -6, -5.3333, -5.3333, 1.1822, -36.6822, 12.7269, 256516
14.6667, 15.3333, 15.3333, 14.6667, -6, -6, -5.3333, -5.3333, 2.03718, -137.996, 21.1664, 551098
15.3333, 16, 16, 15.3333, -6, -6, -5.3333, -5.3333, 1.39858, -156.582, -6.42351, 366562
16, 16.6667, 16.6667, 16, -6, -6, -5.3333, -5.3333, 1.39858, -156.582, -6.42351, 366562
7.3333, 8, 8, 7.3333, -5.3333, -5.3333, -4.6667, -4.6667, 1.13787, -29.5511, 18.3532, 246300
8, 8.6667, 8.6667, 8, -5.3333, -5.3333, -4.6667, -4.6667, 1.13787, 29.5511, 18.3532, 246300
8.6667, 9.3333, 9.3333, 8.6667, -5.3333, -5.3333, -4.6667, -4.6667, 1.59164, -6.68565, 45.3616, 363824
9.3333, 10, 10, 9.3333, -5.3333, -5.3333, -4.6667, -4.6667, 1.02113, -1.01749, 18.2206, 201008
10, 10.6667, 10.6667, 10, -5.3333, -5.3333, -4.6667, -4.6667, 1.7163, -21.6724, 53.7393, 390819
10.6667, 11.3333, 11.3333, 10.6667, -5.3333, -5.3333, -4.6667, -4.6667, 1.0273, -9.22714, 16.7707, 203213
11.3333, 12, 12, 11.3333, -5.3333, -5.3333, -4.6667, -4.6667, 1.80919, -42.566, 55.1334, 416212
12, 12.6667, 12.6667, 12, -5.3333, -5.3333, -4.6667, -4.6667, 1.06973, -15.9091, 14.8323, 214041
12.6667, 13.3333, 13.3333, 12.6667, -5.3333, -5.3333, -4.6667, -4.6667, 1.95053, -75.8999, 48.1648, 457522
13.3333, 14, 14, 13.3333, -5.3333, -5.3333, -4.6667, -4.6667, 1.12146, -25.8293, 10.4097, 231989
14, 14.6667, 14.6667, 14, -5.3333, -5.3333, -4.6667, -4.6667, 2.07019, -126.603, 29.6356, 524842
14.6667, 15.3333, 15.3333, 14.6667, -5.3333, -5.3333, -4.6667, -4.6667, 1.21593, -79.173, 5.35689, 289875
15.3333, 16, 16, 15.3333, -5.3333, -5.3333, -4.6667, -4.6667, 1.69592, -166.572, -8.65289, 479718
16, 16.6667, 16.6667, 16, -5.3333, -5.3333, -4.6667, -4.6667, 1.69592, -166.572, -8.65289, 479718
7.3333, 8, 8, 7.3333, -4.6667, -4.6667, -4, -4, 1.34238, 3.14808, 6.81646, 308946
8, 8.6667, 8.6667, 8, -4.6667, -4.6667, -4, -4, 1.34238, -3.14808, 6.81646, 308946
8.6667, 9.3333, 9.3333, 8.6667, -4.6667, -4.6667, -4, -4, 1.0263, 10.0973, 12.1164, 204667
9.3333, 10, 10, 9.3333, -4.6667, -4.6667, -4, -4, 1.62124, -12.0917, 33.8955, 365602
10, 10.6667, 10.6667, 10, -4.6667, -4.6667, -4, -4, 0.994958, -5.98574, 11.906, 194596
10.6667, 11.3333, 11.3333, 10.6667, -4.6667, -4.6667, -4, -4, 1.70235, -31.4849, 37.4613, 385759
11.3333, 12, 12, 11.3333, -4.6667, -4.6667, -4, -4, 1.02566, -13.366, 11.2643, 202300
12, 12.6667, 12.6667, 12, -4.6667, -4.6667, -4, -4, 1.82034, -60.4871, 35.8634, 418089
12.6667, 13.3333, 13.3333, 12.6667, -4.6667, -4.6667, -4, -4, 1.07511, -21.7744, 8.86827, 216124
13.3333, 14, 14, 13.3333, -4.6667, -4.6667, -4, -4, 1.97907, -106.89, 27.252, 475180
14, 14.6667, 14.6667, 14, -4.6667, -4.6667, -4, -4, 1.12469, -40.9323, 5.29683, 245431
14.6667, 15.3333, 15.3333, 14.6667, -4.6667, -4.6667, -4, -4, 1.95277, -157.135, 10.6097, 538575
15.3333, 16, 16, 15.3333, -4.6667, -4.6667, -4, -4, 1.35445, -166.889, -4.53947, 361977
16, 16.6667, 16.6667, 16, -4.6667, -4.6667, -4, -4, 1.35445, -166.889, -4.53947, 361977
7.3333, 8, 8, 7.3333, -4, -4, -3.3333, -3.3333, 1.07472, -28.101, -5.34039, 230762
8, 8.6667, 8.6667, 8, -4, -4, -3.3333, -3.3333, 1.07472, 28.101, -5.34039, 230762
8.6667, 9.3333, 9.3333, 8.6667, -4, -4, -3.3333, -3.3333, 1.50142, -4.95199, 10.75, 340357
9.3333, 10, 10, 9.3333, -4, -4, -3.3333, -3.3333, 0.973751, -0.947261, 7.22458, 190146
10, 10.6667, 10.6667, 10, -4, -4, -3.3333, -3.3333, 1.61616, -20.7291, 22.3461, 363498
10.6667, 11.3333, 11.3333, 10.6667, -4, -4, -3.3333, -3.3333, 0.987399, -10.0897, 7.66431, 193142
11.3333, 12, 12, 11.3333, -4, -4, -3.3333, -3.3333, 1.71005, -45.599, 24.104, 387863
12, 12.6667, 12.6667, 12, -4, -4, -3.3333, -3.3333, 1.03211, -18.3435, 6.87592, 204182
12.6667, 13.3333, 13.3333, 12.6667, -4, -4, -3.3333, -3.3333, 1.85791, -84.698, 21.2409, 431533
13.3333, 14, 14, 13.3333, -4, -4, -3.3333, -3.3333, 1.07867, -28.8268, 4.67351, 222436
14, 14.6667, 14.6667, 14, -4, -4, -3.3333, -3.3333, 1.98715, -138.538, 13.852, 507108
14.6667, 15.3333, 15.3333, 14.6667, -4, -4, -3.3333, -3.3333, 1.17326, -83.2408, 2.51477, 283717
15.3333, 16, 16, 15.3333, -4, -4, -3.3333, -3.3333, 1.64278, -174.495, -5.89179, 468454
16, 16.6667, 16.6667, 16, -4, -4, -3.3333, -3.3333, 1.64278, -174.495, -5.89179, 468454
7.3333, 8, 8, 7.3333, -3.3333, -3.3333, -2.6667, -2.6667, 1.27242, 3.35847, -22.9634, 293476
8, 8.6667, 8.6667, 8, -3.3333, -3.3333, -2.6667, -2.6667, 1.27242, -3.35847, -22.9634, 293476
8.6667, 9.3333, 9.3333, 8.6667, -3.3333, -3.3333, -2.6667, -2.6667, 0.973999, 9.0551, -0.973742, 194171
9.3333, 10, 10, 9.3333, -3.3333, -3.3333, -2.6667, -2.6667, 1.54119, -11.6556, 7.27558, 347298
10, 10.6667, 10.6667, 10, -3.3333, -3.3333, -2.6667, -2.6667, 0.95462, -6.22325, 3.99321, 186300
10.6667, 11.3333, 11.3333, 10.6667, -3.3333, -3.3333, -2.6667, -2.6667, 1.62306, -31.8718, 13.2564, 365841
11.3333, 12, 12, 11.3333, -3.3333, -3.3333, -2.6667, -2.6667, 0.992669, -14.4403, 4.46259, 194711
12, 12.6667, 12.6667, 12, -3.3333, -3.3333, -2.6667, -2.6667, 1.74529, -64.0567, 14.1587, 398149
12.6667, 13.3333, 13.3333, 12.6667, -3.3333, -3.3333, -2.6667, -2.6667, 1.04308, -23.6673, 3.68806, 208655
13.3333, 14, 14, 13.3333, -3.3333, -3.3333, -2.6667, -2.6667, 1.90934, -113.188, 11.6785, 457981
14, 14.6667, 14.6667, 14, -3.3333, -3.3333, -2.6667, -2.6667, 1.09019, -42.6739, 2.3749, 238958
14.6667, 15.3333, 15.3333, 14.6667, -3.3333, -3.3333, -2.6667, -2.6667, 1.89262, -161.97, 5.7914, 525616
15.3333, 16, 16, 15.3333, -3.3333, -3.3333, -2.6667, -2.6667, 1.32509, -168.648, -2.75228, 355735
16, 16.6667, 16.6667, 16, -3.3333, -3.3333, -2.6667, -2.6667, 1.32509, -168.648, -2.75228, 355735
7.3333, 8, 8, 7.3333, -2.6667, -2.6667, -2, -2, 1.01494, -27.6472, -20.966, 219033
8, 8.6667, 8.6667, 8, -2.6667, -2.6667, -2, -2, 1.01494, 27.6472, -20.966, 219033
8.6667, 9.3333, 9.3333, 8.6667, -2.6667, -2.6667, -2, -2, 1.44262, -5.8542, -16.5077, 330227
9.3333, 10, 10, 9.3333, -2.6667, -2.6667, -2, -2, 0.928089, -1.2816, -0.608953, 182534
10, 10.6667, 10.6667, 10, -2.6667, -2.6667, -2, -2, 1.55433, -19.6989, 2.23684, 351171
10.6667, 11.3333, 11.3333, 10.6667, -2.6667, -2.6667, -2, -2, 0.955681, -10.1496, 1.81893, 187113
11.3333, 12, 12, 11.3333, -2.6667, -2.6667, -2, -2, 1.65278, -45.7779, 6.89481, 374036
12, 12.6667, 12.6667, 12, -2.6667, -2.6667, -2, -2, 1.00775, -19.1522, 2.25644, 198750
12.6667, 13.3333, 13.3333, 12.6667, -2.6667, -2.6667, -2, -2, 1.80436, -87.0391, 7.78012, 417751
13.3333, 14, 14, 13.3333, -2.6667, -2.6667, -2, -2, 1.05473, -29.9044, 1.81734, 217204
14, 14.6667, 14.6667, 14, -2.6667, -2.6667, -2, -2, 1.93582, -140.679, 6.75301, 494811
14.6667, 15.3333, 15.3333, 14.6667, -2.6667, -2.6667, -2, -2, 1.14945, -84.0857, 1.44308, 278873
15.3333, 16, 16, 15.3333, -2.6667, -2.6667, -2, -2, 1.60437, -174.587, -2.53065, 457067
16, 16.6667, 16.6667, 16, -2.6667, -2.6667, -2, -2, 1.60437, -174.587, -2.53065, 457067
1.1102e-16, 0.66667, 0.66667, 1.1102e-16, -2, -2, -1.3333, -1.3333, 2.43334, 285.375, 0.859334, 255319
0.66667, 1.3333, 1.3333, 0.66667, -2, -2, -1.3333, -1.3333, 2.35845, 292.714, 1.33962, 245095
1.3333, 2, 2, 1.3333, -2, -2, -1.3333, -1.3333, 2.22894, 301.19, 1.92193, 232039
2, 2.6667, 2.6667, 2, -2, -2, -1.3333, -1.3333, 1.27713, 201.628, -11.0439, 217914
2.6667, 3.3333, 3.3333, 2.6667, -2, -2, -1.3333, -1.3333, 2.46629, 326.193, -4.12997, 222770
3.3333, 4, 4, 3.3333, -2, -2, -1.3333, -1.3333, 2.39588, 331.08, -1.85955, 211980
4, 4.6667, 4.6667, 4, -2, -2, -1.3333, -1.3333, 2.77489, 395.204, -1.85254, 196699
4.6667, 5.3333, 5.3333, 4.6667, -2, -2, -1.3333, -1.3333, 0.17393, 41.289, -1.11915, 227448
5.3333, 6, 6, 5.3333, -2, -2, -1.3333, -1.3333, 5.57562, 714.67, 53.4569, 201232
6, 6.6667, 6.6667, 6, -2, -2, -1.3333, -1.3333, 1.47024, 171.73, 0.739579, 257054
6.6667, 7.3333, 7.3333, 6.6667, -2, -2, -1.3333, -1.3333, 1.38987, 146.979, -12.4727, 246384
7.3333, 8, 8, 7.3333, -2, -2, -1.3333, -1.3333, 1.34351, -6.18264, 9.09126, 289648
8, 8.6667, 8.6667, 8, -2, -2, -1.3333, -1.3333, 1.25482, 5.77452, -47.8954, 288510
8.6667, 9.3333, 9.3333, 8.6667, -2, -2, -1.3333, -1.3333, 0.924816, 8.5883, -10.5128, 186578
9.3333, 10, 10, 9.3333, -2, -2, -1.3333, -1.3333, 1.49715, -8.66097, -12.2995, 343284
10, 10.6667, 10.6667, 10, -2, -2, -1.3333, -1.3333, 0.919151, -5.3495, -1.2923, 181310
10.6667, 11.3333, 11.3333, 10.6667, -2, -2, -1.3333, -1.3333, 1.58095, -29.0069, -0.720261, 358365
11.3333, 12, 12, 11.3333, -2, -2, -1.3333, -1.3333, 0.971593, -14.1013, 0.531642, 190856
12, 12.6667, 12.6667, 12, -2, -2, -1.3333, -1.3333, 1.70657, -63.22, 3.33588, 388784
12.6667, 13.3333, 13.3333, 12.6667, -2, -2, -1.3333, -1.3333, 1.02764, -24.1025, 1.04562, 205139
13.3333, 14, 14, 13.3333, -2, -2, -1.3333, -1.3333, 1.87183, -113.297, 4.76878, 448039
14, 14.6667, 14.6667, 14, -2, -2, -1.3333, -1.3333, 1.07571, -43.2619, 1.14504, 235501
14.6667, 15.3333, 15.3333, 14.6667, -2, -2, -1.3333, -1.3333, 1.85648, -160.671, 4.83491, 514456
15.3333, 16, 16, 15.3333, -2, -2, -1.3333, -1.3333, 1.30687, -166.842, 0.341831, 349773
16, 16.6667, 16.6667, 16, -2, -2, -1.3333, -1.3333, 1.30687, -166.842, 0.341831, 349773
-0.66667, 1.1102e-16, 1.1102e-16, -0.66667, -1.3333, -1.3333, -0.66667, -0.66667, 2.43334, 285.375, -0.859334, 255319
1.1102e-16, 0.66667, 0.66667, 1.1102e-16, -1.3333, -1.3333, -0.66667, -0.66667, 2.43334, 285.375, -0.859334, 255319
0.66667, 1.3333, 1.3333, 0.66667, -1.3333, -1.3333, -0.66667, -0.66667, 2.35845, 292.714, -1.33962, 245095
1.3333, 2, 2, 1.3333, -1.3333, -1.3333, -0.66667, -0.66667, 2.22894, 301.19, -1.92193, 232039
2, 2.6667, 2.6667, 2, -1.3333, -1.3333, -0.66667, -0.66667, 1.27713, 201.628, 11.0439, 217914
2.6667, 3.3333, 3.3333, 2.6667, -1.3333, -1.3333, -0.66667, -0.66667, 2.46629, 326.193, 4.12997, 222770
3.3333, 4, 4, 3.3333, -1.3333, -1.3333, -0.66667, -0.66667, 2.39588, 331.08, 1.85955, 211980
4, 4.6667, 4.6667, 4, -1.3333, -1.3333, -0.66667, -0.66667, 2.77489, 395.204, 1.85254, 196699
4.6667, 5.3333, 5.3333, 4.6667, -1.3333, -1.3333, -0.66667, -0.66667, 0.17393, 41.289, 1.11915, 227448
5.3333, 6, 6, 5.3333, -1.3333, -1.3333, -0.66667, -0.66667, 5.57562, 714.67, -53.4569, 201232
6, 6.6667, 6.6667, 6, -1.3333, -1.3333, -0.66667, -0.66667, 1.47024, 171.73, -0.739579, 257054
6.6667, 7.3333, 7.3333, 6.6667, -1.3333, -1.3333, -0.66667, -0.66667, 1.38987, 146.979, 12.4727, 246384
7.3333, 8, 8, 7.3333, -1.3333, -1.3333, -0.66667, -0.66667, 1.4322, 147.957, -9.69139, 290786
8, 8.6667, 8.6667, 8, -1.3333, -1.3333, -0.66667, -0.66667, 1.01178, 76.139, -14.3568, 207439
8.6667, 9.3333, 9.3333, 8.6667, -1.3333, -1.3333, -0.66667, -0.66667, 1.48822, 70.8206, -18.7817, 351229
9.3333, 10, 10, 9.3333, -1.3333, -1.3333, -0.66667, -0.66667, 0.893786, 13.525, -2.49903, 180808
10, 10.6667, 10.6667, 10, -1.3333, -1.3333, -0.66667, -0.66667, 1.54525, 13.748, -3.9454, 356683
10.6667, 11.3333, 11.3333, 10.6667, -1.3333, -1.3333, -0.66667, -0.66667, 0.934869, -3.32039, -0.226967, 185116
11.3333, 12, 12, 11.3333, -1.3333, -1.3333, -0.66667, -0.66667, 1.6329, -31.084, 0.97275, 371782
12, 12.6667, 12.6667, 12, -1.3333, -1.3333, -0.66667, -0.66667, 0.996578, -16.3316, 0.571049, 196994
12.6667, 13.3333, 13.3333, 12.6667, -1.3333, -1.3333, -0.66667, -0.66667, 1.78075, -80.152, 3.0232, 412030
13.3333, 14, 14, 13.3333, -1.3333, -1.3333, -0.66667, -0.66667, 1.04773, -29.1019, 0.833424, 215317
14, 14.6667, 14.6667, 14, -1.3333, -1.3333, -0.66667, -0.66667, 1.91171, -135.14, 4.53978, 486474
14.6667, 15.3333, 15.3333, 14.6667, -1.3333, -1.3333, -0.66667, -0.66667, 1.14339, -82.3357, 1.61493, 275598
15.3333, 16, 16, 15.3333, -1.3333, -1.3333, -0.66667, -0.66667, 1.58833, -168.239, 3.17895, 448809
16, 16.6667, 16.6667, 16, -1.3333, -1.3333, -0.66667, -0.66667, 1.58833, -168.239, 3.17895, 448809
-0.66667, 1.1102e-16, 1.1102e-16, -0.66667, -0.66667, -0.66667, 0, 0, 2.378, 284.294, 0.444145, 255228
1.1102e-16, 0.66667, 0.66667, 1.1102e-16, -0.66667, -0.66667, 0, 0, 2.378, 284.294, 0.444145, 255228
0.66667, 1.3333, 1.3333, 0.66667, -0.66667, -0.66667, 0, 0, 2.31672, 290.053, -0.822305, 245509
1.3333, 2, 2, 1.3333, -0.66667, -0.66667, 0, 0, 2.24909, 294.438, -2.00897, 234847
2, 2.6667, 2.6667, 2, -0.66667, -0.66667, 0, 0, 2.35626, 312.805, 37.8679, 221320
2.6667, 3.3333, 3.3333, 2.6667, -0.66667, -0.66667, 0, 0, 2.89586, 369.053, 7.07836, 222438
3.3333, 4, 4, 3.3333, -0.66667, -0.66667, 0, 0, 2.68466, 364.042, 6.24721, 210373
4, 4.6667, 4.6667, 4, -0.66667, -0.66667, 0, 0, 2.21356, 313.126, 0.582816, 203289
4.6667, 5.3333, 5.3333, 4.6667, -0.66667, -0.66667, 0, 0, 3.19496, 453.513, 45.8887, 197443
5.3333, 6, 6, 5.3333, -0.66667, -0.66667, 0, 0, 1.24566, 170.594, -0.509457, 231236
6, 6.6667, 6.6667, 6, -0.66667, -0.66667, 0, 0, 1.30047, 135.58, -0.847662, 237554
6.6667, 7.3333, 7.3333, 6.6667, -0.66667, -0.66667, 0, 0, 1.46439, 144.039, -0.304097, 292611
7.3333, 8, 8, 7.3333, -0.66667, -0.66667, 0, 0, 1.13932, 94.3077, 1.48256, 228726
8, 8.6667, 8.6667, 8, -0.66667, -0.66667, 0, 0, 1.44022, 98.4395, 3.19418, 332333
8.6667, 9.3333, 9.3333, 8.6667, -0.66667, -0.66667, 0, 0, 0.90138, 25.8727, 1.43635, 185369
9.3333, 10, 10, 9.3333, -0.66667, -0.66667, 0, 0, 1.50983, 34.0573, 3.36013, 354279
10, 10.6667, 10.6667, 10, -0.66667, -0.66667, 0, 0, 0.900942, 3.08315, 1.04886, 180267
10.6667, 11.3333, 11.3333, 10.6667, -0.66667, -0.66667, 0, 0, 1.5729, -9.72684, 3.39667, 359946
11.3333, 12, 12, 11.3333, -0.66667, -0.66667, 0, 0, 0.96182, -10.0197, 1.09386, 189832
12, 12.6667, 12.6667, 12, -0.66667, -0.66667, 0, 0, 1.69215, -54.1364, 3.52989, 386205
12.6667, 13.3333, 13.3333, 12.6667, -0.66667, -0.66667, 0, 0, 1.0222, -22.4839, 1.03587, 204076
13.3333, 14, 14, 13.3333, -0.66667, -0.66667, 0, 0, 1.85517, -107.649, 3.80406, 443039
14, 14.6667, 14.6667, 14, -0.66667, -0.66667, 0, 0, 1.07319, -42.5337, 1.11292, 233973
14.6667, 15.3333, 15.3333, 14.6667, -0.66667, -0.66667, 0, 0, 1.84165, -154.607, 5.70977, 506743
15.3333, 16, 16, 15.3333, -0.66667, -0.66667, 0, 0, 1.30158, -161.934, 4.42903, 345631
16, 16.6667, 16.6667, 16, -0.66667, -0.66667, 0, 0, 1.30158, -161.934, 4.42903, 345631
-0.66667, 1.1102e-16, 1.1102e-16, -0.66667, 0, 0, 0.66667, 0.66667, 2.45206, 289.54, -0.0337701, 255261
1.1102e-16, 0.66667, 0.66667, 1.1102e-16, 0, 0, 0.66667, 0.66667, 2.45206, 289.54, -0.0337701, 255261
0.66667, 1.3333, 1.3333, 0.66667, 0, 0, 0.66667, 0.66667, 2.38024, 296.065, 0.5708, 245034
1.3333, 2, 2, 1.3333, 0, 0, 0.66667, 0.66667, 2.28637, 302.439, 0.570789, 233073
2, 2.6667, 2.6667, 2, 0, 0, 0.66667, 0.66667, 1.95287, 265.344, 53.7509, 220456
2.6667, 3.3333, 3.3333, 2.6667, 0, 0, 0.66667, 0.66667, 2.55916, 325.206, -0.263164, 225551
3.3333, 4, 4, 3.3333, 0, 0, 0.66667, 0.66667, 2.46042, 334.722, -0.208305, 212210
4, 4.6667, 4.6667, 4, 0, 0, 0.66667, 0.66667, 3.09013, 438.261, 6.97091, 193294
4.6667, 5.3333, 5.3333, 4.6667, 0, 0, 0.66667, 0.66667, 0.119264, 30.5064, -3.35477, 228991
5.3333, 6, 6, 5.3333, 0, 0, 0.66667, 0.66667, 5.42808, 696.904, 64.8447, 201953
6, 6.6667, 6.6667, 6, 0, 0, 0.66667, 0.66667, 1.3065, 151.466, -0.461671, 258610
6.6667, 7.3333, 7.3333, 6.6667, 0, 0, 0.66667, 0.66667, 1.25215, 129.894, -12.7014, 245935
7.3333, 8, 8, 7.3333, 0, 0, 0.66667, 0.66667, 1.34205, 135.355, 11.0807, 292096
8, 8.6667, 8.6667, 8, 0, 0, 0.66667, 0.66667, 0.971338, 70.6772, 17.2869, 203605
8.6667, 9.3333, 9.3333, 8.6667, 0, 0, 0.66667, 0.66667, 1.46483, 66.9548, 25.4095, 348026
9.3333, 10, 10, 9.3333, 0, 0, 0.66667, 0.66667, 0.884089, 12.5546, 4.62631, 178910
10, 10.6667, 10.6667, 10, 0, 0, 0.66667, 0.66667, 1.53111, 12.539, 10.7682, 353120
10.6667, 11.3333, 11.3333, 10.6667, 0, 0, 0.66667, 0.66667, 0.929334, -3.54485, 2.46203, 183832
11.3333, 12, 12, 11.3333, 0, 0, 0.66667, 0.66667, 1.6202, -31.3349, 6.27492, 368406
12, 12.6667, 12.6667, 12, 0, 0, 0.66667, 0.66667, 0.991478, -16.4499, 1.7064, 195778
12.6667, 13.3333, 13.3333, 12.6667, 0, 0, 0.66667, 0.66667, 1.76776, -79.8753, 4.5234, 408531
13.3333, 14, 14, 13.3333, 0, 0, 0.66667, 0.66667, 1.0428, -29.2113, 1.24524, 214076
14, 14.6667, 14.6667, 14, 0, 0, 0.66667, 0.66667, 1.89735, -134.031, 4.578, 482038
14.6667, 15.3333, 15.3333, 14.6667, 0, 0, 0.66667, 0.66667, 1.13829, -82.0751, 2.28516, 273774
15.3333, 16, 16, 15.3333, 0, 0, 0.66667, 0.66667, 1.57698, -166.585, 10.028, 443920
16, 16.6667, 16.6667, 16, 0, 0, 0.66667, 0.66667, 1.57698, -166.585, 10.028, 443920
1.1102e-16, 0.66667, 0.66667, 1.1102e-16, 0.66667, 0.66667, 1.3333, 1.3333, 2.45206, 289.54, 0.0337701, 255261
0.66667, 1.3333, 1.3333, 0.66667, 0.66667, 0.66667, 1.3333, 1.3333, 2.38024, 296.065, -0.5708, 245034
1.3333, 2, 2, 1.3333, 0.66667, 0.66667, 1.3333, 1.3333, 2.28637, 302.439, -0.570789, 233073
2, 2.6667, 2.6667, 2, 0.66667, 0.66667, 1.3333, 1.3333, 1.28073, -0, -35.2509, 204728
2.6667, 3.3333, 3.3333, 2.6667, 0.66667, 0.66667, 1.3333, 1.3333, 2.55916, 325.206, 0.263164, 225551
3.3333, 4, 4, 3.3333, 0.66667, 0.66667, 1.3333, 1.3333, 2.46042, 334.722, 0.208305, 212210
4, 4.6667, 4.6667, 4, 0.66667, 0.66667, 1.3333, 1.3333, 3.09013, 438.261, -6.97091, 193294
4.6667, 5.3333, 5.3333, 4.6667, 0.66667, 0.66667, 1.3333, 1.3333, 0.119264, 30.5064, 3.35477, 228991
5.3333, 6, 6, 5.3333, 0.66667, 0.66667, 1.3333, 1.3333, 5.42808, 696.904, -64.8447, 201953
6, 6.6667, 6.6667, 6, 0.66667, 0.66667, 1.3333, 1.3333, 1.3065, 151.466, 0.461671, 258610
6.6667, 7.3333, 7.3333, 6.6667, 0.66667, 0.66667, 1.3333, 1.3333, 1.25215, 129.894, 12.7014, 245935
7.3333, 8, 8, 7.3333, 0.66667, 0.66667, 1.3333, 1.3333, 1.28239, -6.63771, -10.5881, 287376
8, 8.6667, 8.6667, 8, 0.66667, 0.66667, 1.3333, 1.3333, 1.22274, 6.32893, 55.783, 282655
8.6667, 9.3333, 9.3333, 8.6667, 0.66667, 0.66667, 1.3333, 1.3333, 0.906559, 8.4256, 13.6165, 182942
9.3333, 10, 10, 9.3333, 0.66667, 0.66667, 1.3333, 1.3333, 1.47031, -8.56945, 20.2286, 336628
10, 10.6667, 10.6667, 10, 0.66667, 0.66667, 1.3333, 1.3333, 0.907582, -5.43909, 3.92429, 178682
10.6667, 11.3333, 11.3333, 10.6667, 0.66667, 0.66667, 1.3333, 1.3333, 1.5559, -28.8721, 8.93307, 351775
11.3333, 12, 12, 11.3333, 0.66667, 0.66667, 1.3333, 1.3333, 0.961123, -14.2223, 2.18454, 188382
12, 12.6667, 12.6667, 12, 0.66667, 0.66667, 1.3333, 1.3333, 1.6812, -62.8562, 5.18974, 382029
12.6667, 13.3333, 13.3333, 12.6667, 0.66667, 0.66667, 1.3333, 1.3333, 1.01723, -24.2815, 1.4499, 202626
13.3333, 14, 14, 13.3333, 0.66667, 0.66667, 1.3333, 1.3333, 1.84436, -111.942, 4.11925, 440369
14, 14.6667, 14.6667, 14, 0.66667, 0.66667, 1.3333, 1.3333, 1.06577, -43.4465, 1.39256, 232690
14.6667, 15.3333, 15.3333, 14.6667, 0.66667, 0.66667, 1.3333, 1.3333, 1.82755, -157.725, 7.76715, 503841
15.3333, 16, 16, 15.3333, 0.66667, 0.66667, 1.3333, 1.3333, 1.2932, -163.933, 9.30286, 343871
16, 16.6667, 16.6667, 16, 0.66667, 0.66667, 1.3333, 1.3333, 1.2932, -163.933, 9.30286, 343871
1.3333, 2, 2, 1.3333, 1.3333, 1.3333, 2, 2, 0.608595, 0, -4.83285, 188999
2, 2.6667, 2.6667, 2, 1.3333, 1.3333, 2, 2, 0.608595, 0, -4.83285, 188999
2.6667, 3.3333, 3.3333, 2.6667, 1.3333, 1.3333, 2, 2, 0.608595, 0, -4.83285, 188999
7.3333, 8, 8, 7.3333, 1.3333, 1.3333, 2, 2, 0.988067, -26.423, 28.6064, 212400
8, 8.6667, 8.6667, 8, 1.3333, 1.3333, 2, 2, 0.988067, 26.423, 28.6064, 212400
8.6667, 9.3333, 9.3333, 8.6667, 1.3333, 1.3333, 2, 2, 1.4017, -6.12856, 27.7206, 319422
9.3333, 10, 10, 9.3333, 1.3333, 1.3333, 2, 2, 0.909801, -1.54061, 4.30801, 178300
10, 10.6667, 10.6667, 10, 1.3333, 1.3333, 2, 2, 1.51517, -19.7011, 7.9505, 340851
10.6667, 11.3333, 11.3333, 10.6667, 1.3333, 1.3333, 2, 2, 0.939397, -10.3091, 1.58391, 183261
11.3333, 12, 12, 11.3333, 1.3333, 1.3333, 2, 2, 1.61406, -45.5164, 3.50673, 363757
12, 12.6667, 12.6667, 12, 1.3333, 1.3333, 2, 2, 0.991534, -19.42, 0.975605, 194881
12.6667, 13.3333, 13.3333, 12.6667, 1.3333, 1.3333, 2, 2, 1.76386, -86.1228, 2.57136, 406858
13.3333, 14, 14, 13.3333, 1.3333, 1.3333, 2, 2, 1.03866, -30.2848, 0.927794, 213185
14, 14.6667, 14.6667, 14, 1.3333, 1.3333, 2, 2, 1.89136, -137.628, 4.56649, 481234
14.6667, 15.3333, 15.3333, 14.6667, 1.3333, 1.3333, 2, 2, 1.13323, -83.4264, 3.20581, 273244
15.3333, 16, 16, 15.3333, 1.3333, 1.3333, 2, 2, 1.57043, -169.756, 17.6525, 442623
16, 16.6667, 16.6667, 16, 1.3333, 1.3333, 2, 2, 1.57043, -169.756, 17.6525, 442623
1.3333, 2, 2, 1.3333, 2, 2, 2.6667, 2.6667, 0.983105, 0, -6.52377, 188778
2, 2.6667, 2.6667, 2, 2, 2, 2.6667, 2.6667, 0.983105, 0, -6.52377, 188778
2.6667, 3.3333, 3.3333, 2.6667, 2, 2, 2.6667, 2.6667, 0.983105, 0, -6.52377, 188778
7.3333, 8, 8, 7.3333, 2, 2, 2.6667, 2.6667, 1.225, 3.4076, 37.4039, 279775
8, 8.6667, 8.6667, 8, 2, 2, 2.6667, 2.6667, 1.225, -3.4076, 37.4039, 279775
8.6667, 9.3333, 9.3333, 8.6667, 2, 2, 2.6667, 2.6667, 0.947412, 8.31867, 7.52648, 187673
9.3333, 10, 10, 9.3333, 2, 2, 2.6667, 2.6667, 1.48608, -11.8687, 6.08016, 332577
10, 10.6667, 10.6667, 10, 2, 2, 2.6667, 2.6667, 0.931813, -6.4187, 0.413025, 180875
10.6667, 11.3333, 11.3333, 10.6667, 2, 2, 2.6667, 2.6667, 1.5692, -31.6867, -0.215408, 351535
11.3333, 12, 12, 11.3333, 2, 2, 2.6667, 2.6667, 0.970235, -14.7618, -0.275073, 189357
12, 12.6667, 12.6667, 12, 2, 2, 2.6667, 2.6667, 1.6906, -63.6485, -1.14625, 383555
12.6667, 13.3333, 13.3333, 12.6667, 2, 2, 2.6667, 2.6667, 1.02017, -24.191, -0.042134, 203126
13.3333, 14, 14, 13.3333, 2, 2, 2.6667, 2.6667, 1.85083, -111.289, 0.798062, 441780
14, 14.6667, 14.6667, 14, 2, 2, 2.6667, 2.6667, 1.06831, -43.2898, 0.957281, 232988
14.6667, 15.3333, 15.3333, 14.6667, 2, 2, 2.6667, 2.6667, 1.83373, -157.088, 9.3735, 504535
15.3333, 16, 16, 15.3333, 2, 2, 2.6667, 2.6667, 1.29793, -163.315, 13.8716, 344257
16, 16.6667, 16.6667, 16, 2, 2, 2.6667, 2.6667, 1.29793, -163.315, 13.8716, 344257
0.66667, 1.3333, 1.3333, 0.66667, 2.6667, 2.6667, 3.3333, 3.3333, 0.962429, 1.00917, 0, 189575
1.3333, 2, 2, 1.3333, 2.6667, 2.6667, 3.3333, 3.3333, 0.958093, -0.310968, 0.439606, 188488
2, 2.6667, 2.6667, 2, 2.6667, 2.6667, 3.3333, 3.3333, 0.955367, 0.310083, -5.57145, 187850
2.6667, 3.3333, 3.3333, 2.6667, 2.6667, 2.6667, 3.3333, 3.3333, 0.955367, -0.310083, -5.57145, 187850
7.3333, 8, 8, 7.3333, 2.6667, 2.6667, 3.3333, 3.3333, 1.0352, -25.7806, 18.609, 219654
8, 8.6667, 8.6667, 8, 2.6667, 2.6667, 3.3333, 3.3333, 1.0352, 25.7806, 18.609, 219654
8.6667, 9.3333, 9.3333, 8.6667, 2.6667, 2.6667, 3.3333, 3.3333, 1.43164, -5.12822, 7.6975, 320961
9.3333, 10, 10, 9.3333, 2.6667, 2.6667, 3.3333, 3.3333, 0.943385, -1.23849, -1.16018, 182834
10, 10.6667, 10.6667, 10, 2.6667, 2.6667, 3.3333, 3.3333, 1.54514, -20.5476, -5.93417, 344520
10.6667, 11.3333, 11.3333, 10.6667, 2.6667, 2.6667, 3.3333, 3.3333, 0.958172, -10.3824, -2.39849, 186110
11.3333, 12, 12, 11.3333, 2.6667, 2.6667, 3.3333, 3.3333, 1.63906, -45.4089, -7.52693, 368865
12, 12.6667, 12.6667, 12, 2.6667, 2.6667, 3.3333, 3.3333, 1.00224, -18.98, -2.02824, 196971
12.6667, 13.3333, 13.3333, 12.6667, 2.6667, 2.6667, 3.3333, 3.3333, 1.78444, -84.2158, -5.43352, 411699
13.3333, 14, 14, 13.3333, 2.6667, 2.6667, 3.3333, 3.3333, 1.04846, -29.7729, -0.770933, 214965
14, 14.6667, 14.6667, 14, 2.6667, 2.6667, 3.3333, 3.3333, 1.9098, -135.444, 1.01202, 484091
14.6667, 15.3333, 15.3333, 14.6667, 2.6667, 2.6667, 3.3333, 3.3333, 1.14462, -82.8178, 3.04511, 274412
15.3333, 16, 16, 15.3333, 2.6667, 2.6667, 3.3333, 3.3333, 1.58865, -168.083, 22.6101, 445884
16, 16.6667, 16.6667, 16, 2.6667, 2.6667, 3.3333, 3.3333, 1.58865, -168.083, 22.6101, 445884
1.1102e-16, 0.66667, 0.66667, 1.1102e-16, 3.3333, 3.3333, 4, 4, 0.962429, -1.00917, 0, 189575
0.66667, 1.3333, 1.3333, 0.66667, 3.3333, 3.3333, 4, 4, 0.962429, 1.00917, 0, 189575
1.3333, 2, 2, 1.3333, 3.3333, 3.3333, 4, 4, 0.96082, 2.63202, -0.440857, 189127
2, 2.6667, 2.6667, 2, 3.3333, 3.3333, 4, 4, 0.958681, 1.46659, -2.08843, 188718
2.6667, 3.3333, 3.3333, 2.6667, 3.3333, 3.3333, 4, 4, 0.958681, -1.46659, -2.08843, 188718
7.3333, 8, 8, 7.3333, 3.3333, 3.3333, 4, 4, 1.27368, 2.73538, 15.1105, 288181
8, 8.6667, 8.6667, 8, 3.3333, 3.3333, 4, 4, 1.27368, -2.73538, 15.1105, 288181
8.6667, 9.3333, 9.3333, 8.6667, 3.3333, 3.3333, 4, 4, 0.986281, 9.30859, -2.1562, 194666
9.3333, 10, 10, 9.3333, 3.3333, 3.3333, 4, 4, 1.53209, -11.5565, -13.0813, 341385
10, 10.6667, 10.6667, 10, 3.3333, 3.3333, 4, 4, 0.958701, -6.13258, -5.40463, 185736
10.6667, 11.3333, 11.3333, 10.6667, 3.3333, 3.3333, 4, 4, 1.61252, -31.0418, -16.6144, 361390
11.3333, 12, 12, 11.3333, 3.3333, 3.3333, 4, 4, 0.989304, -14.0054, -5.16527, 193355
12, 12.6667, 12.6667, 12, 3.3333, 3.3333, 4, 4, 1.72901, -60.8009, -15.1556, 393203
12.6667, 13.3333, 13.3333, 12.6667, 3.3333, 3.3333, 4, 4, 1.03716, -22.9991, -3.59535, 206785
13.3333, 14, 14, 13.3333, 3.3333, 3.3333, 4, 4, 1.88443, -106.746, -8.81788, 449034
14, 14.6667, 14.6667, 14, 3.3333, 3.3333, 4, 4, 1.08775, -42.4985, -0.904651, 235901
14.6667, 15.3333, 15.3333, 14.6667, 3.3333, 3.3333, 4, 4, 1.86436, -153.542, 6.62235, 508715
15.3333, 16, 16, 15.3333, 3.3333, 3.3333, 4, 4, 1.31563, -161.12, 15.7024, 346487
16, 16.6667, 16.6667, 16, 3.3333, 3.3333, 4, 4, 1.31563, -161.12, 15.7024, 346487
0.66667, 1.3333, 1.3333, 0.66667, 4, 4, 4.6667, 4.6667, 0.962429, 1.00917, 0, 189575
1.3333, 2, 2, 1.3333, 4, 4, 4.6667, 4.6667, 0.96082, 2.63202, 0.440857, 189127
2, 2.6667, 2.6667, 2, 4, 4, 4.6667, 4.6667, 0.958681, 1.46659, 2.08843, 188718
7.3333, 8, 8, 7.3333, 4, 4, 4.6667, 4.6667, 1.08251, -27.0883, -0.417032, 230225
8, 8.6667, 8.6667, 8, 4, 4, 4.6667, 4.6667, 1.08251, 27.0883, -0.417032, 230225
8.6667, 9.3333, 9.3333, 8.6667, 4, 4, 4.6667, 4.6667, 1.4919, -4.81005, -18.7048, 335353
9.3333, 10, 10, 9.3333, 4, 4, 4.6667, 4.6667, 0.977292, -0.802398, -9.59477, 189903
10, 10.6667, 10.6667, 10, 4, 4, 4.6667, 4.6667, 1.60837, -20.07, -28.1336, 360223
10.6667, 11.3333, 11.3333, 10.6667, 4, 4, 4.6667, 4.6667, 0.985514, -9.57492, -9.36408, 192251
11.3333, 12, 12, 11.3333, 4, 4, 4.6667, 4.6667, 1.69908, -42.474, -28.5625, 384607
12, 12.6667, 12.6667, 12, 4, 4, 4.6667, 4.6667, 1.02687, -17.2293, -7.94235, 202754
12.6667, 13.3333, 13.3333, 12.6667, 4, 4, 4.6667, 4.6667, 1.83815, -77.761, -23.0192, 425412
13.3333, 14, 14, 13.3333, 4, 4, 4.6667, 4.6667, 1.07567, -27.9758, -4.75583, 220339
14, 14.6667, 14.6667, 14, 4, 4, 4.6667, 4.6667, 1.95703, -127.879, -9.32175, 492213
14.6667, 15.3333, 15.3333, 14.6667, 4, 4, 4.6667, 4.6667, 1.17187, -80.3568, 1.07608, 277540
15.3333, 16, 16, 15.3333, 4, 4, 4.6667, 4.6667, 1.62376, -162.697, 23.7795, 452147
16, 16.6667, 16.6667, 16, 4, 4, 4.6667, 4.6667, 1.62376, -162.697, 23.7795, 452147
7.3333, 8, 8, 7.3333, 4.6667, 4.6667, 5.3333, 5.3333, 1.33619, 3.56064, -15.1034, 304975
8, 8.6667, 8.6667, 8, 4.6667, 4.6667, 5.3333, 5.3333, 1.33619, -3.56064, -15.1034, 304975
8.6667, 9.3333, 9.3333, 8.6667, 4.6667, 4.6667, 5.3333, 5.3333, 1.02971, 9.63718, -16.363, 204866
9.3333, 10, 10, 9.3333, 4.6667, 4.6667, 5.3333, 5.3333, 1.61299, -12.6832, -41.4738, 363201
10, 10.6667, 10.6667, 10, 4.6667, 4.6667, 5.3333, 5.3333, 0.99417, -5.77727, -14.8152, 194423
10.6667, 11.3333, 11.3333, 10.6667, 4.6667, 4.6667, 5.3333, 5.3333, 1.69466, -29.4635, -45.1006, 384439
11.3333, 12, 12, 11.3333, 4.6667, 4.6667, 5.3333, 5.3333, 1.02135, -12.2785, -13.7511, 201605
12, 12.6667, 12.6667, 12, 4.6667, 4.6667, 5.3333, 5.3333, 1.8064, -54.2583, -42.3643, 415168
12.6667, 13.3333, 13.3333, 12.6667, 4.6667, 4.6667, 5.3333, 5.3333, 1.07045, -20.1278, -10.6506, 214822
13.3333, 14, 14, 13.3333, 4.6667, 4.6667, 5.3333, 5.3333, 1.95303, -95.0259, -29.7711, 465523
14, 14.6667, 14.6667, 14, 4.6667, 4.6667, 5.3333, 5.3333, 1.12698, -39.6282, -5.43596, 242208
14.6667, 15.3333, 15.3333, 14.6667, 4.6667, 4.6667, 5.3333, 5.3333, 1.92091, -142.091, -1.4901, 515983
15.3333, 16, 16, 15.3333, 4.6667, 4.6667, 5.3333, 5.3333, 1.34403, -154.569, 15.7411, 349209
16, 16.6667, 16.6667, 16, 4.6667, 4.6667, 5.3333, 5.3333, 1.34403, -154.569, 15.7411, 349209
7.3333, 8, 8, 7.3333, 5.3333, 5.3333, 6, 6, 1.14285, -27.2102, -24.349, 246524
8, 8.6667, 8.6667, 8, 5.3333, 5.3333, 6, 6, 1.14285, 27.2102, -24.349, 246524
8.6667, 9.3333, 9.3333, 8.6667, 5.3333, 5.3333, 6, 6, 1.57437, -9.42441, -53.199, 359944
9.3333, 10, 10, 9.3333, 5.3333, 5.3333, 6, 6, 1.02373, -1.76981, -23.502, 202694
10, 10.6667, 10.6667, 10, 5.3333, 5.3333, 6, 6, 1.70155, -22.2634, -63.309, 390563
10.6667, 11.3333, 11.3333, 10.6667, 5.3333, 5.3333, 6, 6, 1.02506, -8.88893, -21.6434, 204426
11.3333, 12, 12, 11.3333, 5.3333, 5.3333, 6, 6, 1.79188, -38.7024, -65.3308, 416103
12, 12.6667, 12.6667, 12, 5.3333, 5.3333, 6, 6, 1.06466, -14.4707, -19.3095, 214498
12.6667, 13.3333, 13.3333, 12.6667, 5.3333, 5.3333, 6, 6, 1.92328, -65.4458, -57.0105, 453216
13.3333, 14, 14, 13.3333, 5.3333, 5.3333, 6, 6, 1.12131, -24.121, -13.9216, 231275
14, 14.6667, 14.6667, 14, 5.3333, 5.3333, 6, 6, 2.03254, -108.653, -31.4364, 507106
14.6667, 15.3333, 15.3333, 14.6667, 5.3333, 5.3333, 6, 6, 1.22231, -73.7264, -4.44549, 283063
15.3333, 16, 16, 15.3333, 5.3333, 5.3333, 6, 6, 1.67561, -147.207, 23.8368, 457982
16, 16.6667, 16.6667, 16, 5.3333, 5.3333, 6, 6, 1.67561, -147.207, 23.8368, 457982
7.3333, 8, 8, 7.3333, 6, 6, 6.6667, 6.6667, 1.39906, 8.62689, -42.7465, 323823
8, 8.6667, 8.6667, 8, 6, 6, 6.6667, 6.6667, 1.39906, -8.62689, -42.7465, 323823
8.6667, 9.3333, 9.3333, 8.6667, 6, 6, 6.6667, 6.6667, 1.09785, 5.58926, -40.8132, 226060
9.3333, 10, 10, 9.3333, 6, 6, 6.6667, 6.6667, 1.6798, -22.2466, -79.9626, 394879
10, 10.6667, 10.6667, 10, 6, 6, 6.6667, 6.6667, 1.04879, -7.91072, -35.8284, 215435
10.6667, 11.3333, 11.3333, 10.6667, 6, 6, 6.6667, 6.6667, 1.76527, -32.3679, -87.5307, 422593
11.3333, 12, 12, 11.3333, 6, 6, 6.6667, 6.6667, 1.06947, -11.8964, -34.1914, 222282
12, 12.6667, 12.6667, 12, 6, 6, 6.6667, 6.6667, 1.8727, -47.0999, -86.51, 453340
12.6667, 13.3333, 13.3333, 12.6667, 6, 6, 6.6667, 6.6667, 1.12014, -17.2746, -29.8308, 234418
13.3333, 14, 14, 13.3333, 6, 6, 6.6667, 6.6667, 2.01121, -73.4448, -68.7241, 493326
14, 14.6667, 14.6667, 14, 6, 6, 6.6667, 6.6667, 1.1968, -35.0524, -21.1187, 257925
14.6667, 15.3333, 15.3333, 14.6667, 6, 6, 6.6667, 6.6667, 1.98403, -112.613, -18.7038, 519417
15.3333, 16, 16, 15.3333, 6, 6, 6.6667, 6.6667, 1.3978, -136.056, 13.9358, 351434
16, 16.6667, 16.6667, 16, 6, 6, 6.6667, 6.6667, 1.3978, -136.056, 13.9358, 351434
7.3333, 8, 8, 7.3333, 6.6667, 6.6667, 7.3333, 7.3333, 1.23885, -16.5033, -47.6563, 275133
8, 8.6667, 8.6667, 8, 6.6667, 6.6667, 7.3333, 7.3333, 1.23885, 16.5033, -47.6563, 275133
8.6667, 9.3333, 9.3333, 8.6667, 6.6667, 6.6667, 7.3333, 7.3333, 1.5578, -24.3848, -85.6075, 372763
9.3333, 10, 10, 9.3333, 6.6667, 6.6667, 7.3333, 7.3333, 1.11853, -10.5025, -65.578, 243136
10, 10.6667, 10.6667, 10, 6.6667, 6.6667, 7.3333, 7.3333, 1.66241, -34.7285, -103.311, 414362
10.6667, 11.3333, 11.3333, 10.6667, 6.6667, 6.6667, 7.3333, 7.3333, 1.11341, -14.8559, -66.3499, 247332
11.3333, 12, 12, 11.3333, 6.6667, 6.6667, 7.3333, 7.3333, 1.74508, -41.2508, -109.485, 444345
12, 12.6667, 12.6667, 12, 6.6667, 6.6667, 7.3333, 7.3333, 1.14892, -17.3796, -65.1587, 257763
12.6667, 13.3333, 13.3333, 12.6667, 6.6667, 6.6667, 7.3333, 7.3333, 1.86125, -51.0952, -103.633, 477400
13.3333, 14, 14, 13.3333, 6.6667, 6.6667, 7.3333, 7.3333, 1.21418, -23.4129, -57.627, 271650
14, 14.6667, 14.6667, 14, 6.6667, 6.6667, 7.3333, 7.3333, 1.97905, -69.1885, -71.6106, 508052
14.6667, 15.3333, 15.3333, 14.6667, 6.6667, 6.6667, 7.3333, 7.3333, 1.33852, -59.4921, -34.6936, 306994
15.3333, 16, 16, 15.3333, 6.6667, 6.6667, 7.3333, 7.3333, 1.72859, -101.478, 19.0318, 448451
16, 16.6667, 16.6667, 16, 6.6667, 6.6667, 7.3333, 7.3333, 1.72859, -101.478, 19.0318, 448451
7.3333, 8, 8, 7.3333, 7.3333, 7.3333, 8, 8, 1.38341, 11.5705, -50.2508, 320272
8, 8.6667, 8.6667, 8, 7.3333, 7.3333, 8, 8, 1.38341, -11.5705, -50.2508, 320272
8.6667, 9.3333, 9.3333, 8.6667, 7.3333, 7.3333, 8, 8, 1.25163, -17.1224, -98.1077, 288419
9.3333, 10, 10, 9.3333, 7.3333, 7.3333, 8, 8, 1.44202, -34.8784, -107.823, 358416
10, 10.6667, 10.6667, 10, 7.3333, 7.3333, 8, 8, 1.22715, -26.6141, -118.295, 294417
10.6667, 11.3333, 11.3333, 10.6667, 7.3333, 7.3333, 8, 8, 1.48259, -38.1681, -121.28, 381467
11.3333, 12, 12, 11.3333, 7.3333, 7.3333, 8, 8, 1.25458, -26.9893, -126.608, 307723
12, 12.6667, 12.6667, 12, 7.3333, 7.3333, 8, 8, 1.55042, -37.7108, -125.862, 406585
12.6667, 13.3333, 13.3333, 12.6667, 7.3333, 7.3333, 8, 8, 1.30415, -24.8676, -127.578, 322680
13.3333, 14, 14, 13.3333, 7.3333, 7.3333, 8, 8, 1.64799, -33.8205, -115.625, 433292
14, 14.6667, 14.6667, 14, 7.3333, 7.3333, 8, 8, 1.38594, -23.7672, -111.577, 337960
14.6667, 15.3333, 15.3333, 14.6667, 7.3333, 7.3333, 8, 8, 1.73754, -31.2441, -63.9278, 443947
15.3333, 16, 16, 15.3333, 7.3333, 7.3333, 8, 8, 1.52929, -52.5164, -15.5, 367994
16, 16.6667, 16.6667, 16, 7.3333, 7.3333, 8, 8, 1.52929, -52.5164, -15.5, 367994
8, 8.6667, 8.6667, 8, 8, 8, 8.6667, 8.6667, 1.38341, -11.5705, -50.2508, 320272
8.6667, 9.3333, 9.3333, 8.6667, 8, 8, 8.6667, 8.6667, 1.25163, -17.1224, -98.1077, 288419
9.3333, 10, 10, 9.3333, 8, 8, 8.6667, 8.6667, 1.44202, -34.8784, -107.823, 358416
10, 10.6667, 10.6667, 10, 8, 8, 8.6667, 8.6667, 1.22715, -26.6141, -118.295, 294417
10.6667, 11.3333, 11.3333, 10.6667, 8, 8, 8.6667, 8.6667, 1.48259, -38.1681, -121.28, 381467
11.3333, 12, 12, 11.3333, 8, 8, 8.6667, 8.6667, 1.25458, -26.9893, -126.608, 307723
12, 12.6667, 12.6667, 12, 8, 8, 8.6667, 8.6667, 1.55042, -37.7108, -125.862, 406585
12.6667, 13.3333, 13.3333, 12.6667, 8, 8, 8.6667, 8.6667, 1.30415, -24.8676, -127.578, 322680
13.3333, 14, 14, 13.3333, 8, 8, 8.6667, 8.6667, 1.64799, -33.8205, -115.625, 433292
14, 14.6667, 14.6667, 14, 8, 8, 8.6667, 8.6667, 1.38594, -23.7672, -111.577, 337960
14.6667, 15.3333, 15.3333, 14.6667, 8, 8, 8.6667, 8.6667, 1.73754, -31.2441, -63.9278, 443947
15.3333, 16, 16, 15.3333, 8, 8, 8.6667, 8.6667, 1.52929, -52.5164, -15.5, 367994
